236788218817899089264082988553 293581556048153704440436269951 878446503825045801336501810377 469292898666307712478917399763
1201167452779673996600454324276 1068075059562089939426786496924 432986289197924084031362523883 380391336569137768756829983734
34810537060627131626798628002 886170997251684903777335358918 1036822601746091946580946171184 230035833507247217066044806976
635738281559628612099861424822 323036108361098978744079798728 141514903503142303412046857716 97254772751145223461395601952
45811331883032873334882360547 477285694054318874058012297086 1073009750716005501782607448695 365221520220463810594385540419
1034614539167472901033632997913 501038661570169974414763008741 1126787161216322939846532379941 1118139392033925250755268063490
522098304558832764186373010340 271157248259728978142297728698 77432048302728389414983712735 24911257373449520596556153915
851675507055846362922789979895 819180420886984523984597047766 301737320209490957289744065378 65979676064230681195368953985
873142341637627191308026497425 935464249774367335572711468938 1048392905920867078047389410466 704812201888706526248060102581
571079479670420928642947211720 25568670031434427546664949247 1180402718427566801671345837761 786316142887792014186232207962
816461747756958141444547448896 972867022818316522573772672467 488278571876452850146932421158 147699761750166969673587219514
517208321558994572569985367474 223744415608552765352111170288 1114863294754200100093655240520 1036328769074055440444363371656
1036768183485579072272171945866 876967398743539653520481066942 485947101177956560246923039145 21527933465686855352951553496
160047581581008109714336567926 73381089149289972277689862718 355138503516282627024963074891 262454884372857714928847280224
621183104754477773365245691715 1219792786761160421407451659202 64343749440987734501563219153 20188734548434604179805931903
905807311516507705491258133948 329086368809260041022690187926 133385315334073600925635659542 12612134141994361726533110754
813423384308234343530922640886 1105731034932134965967215003566 291172883714199253593782425211 144048456198666513138715357211
198914908035579138185744437558 380891485654126176918572611456 368630095603106883033094159028 42192767151364158339443206104
991617241227512401763523073014 853272974312353450609165380159 513168215790189103234013666448 431710769792890342172464648704
113610812018306056216436653073 460722469166964955890711859853 34593106025156404966843964595 23793731897726783190944127053
