254214617892454188620444565611 249407599312337939642398084807 -10604153543747369397173615907 10808535299763403988630879512 7
937265267465857154495478505724 709267200520168540107777531080 -72354747026267902105938132169 95613601297598747613494987292 4
464747768326667770876674486349 193359824867628516497758461991 20217425790050779674358756116 -48593359678870690874221660613 1
239134165480029221810569914387 522898990350014489119446652278 -29540602737787687955460649167 13509621387391400435560419344 3
539590049119295715487546581833 514829900594286478155319653241 -63524501132245850191013403059 66579638530434840126942840428 1
768325650676939738566981744144 435857096522098021364329715117 -204556740124207713956057890284 360591101327444392960976826341 1
439702495051899966461877717942 591711633944736439406890583047 192818740188443876087147956707 -143284120659255483416901535319 1
871109656026000562381056336377 332031396042323761502225885557 97204574096858578678550817523 -255023603535596984847697669810 1
155230640582637303401969258659 762052764092505399759502310824 204482609552613569491313854427 -41653239728959718981805111958 1
778974361831271708579172419713 1144248759585454643820204122518 564391104915165375096927589553 -384222571439636035170299811016 1
1208802673112814011874024269954 672925705536301097069792951540 -43214724836802002273350574297 77628294581091735904416613521 2
938051932781480346022859995227 1261593735068493880644204916903 -478342595547096253848291047890 355669328256693033181201656577 1
105469891547705332846383489824 120128708236734507558496266136 -1005589962969721484361571164 882881918008049587442083979 8
612280576599896108715338639687 55979331122397893588808599796 16967781605666492855160249335 -185587124691131412925073647264 1
190315578159137940630584057633 1016354131283024031359903689078 114589352761866974855033280739 -21457224652814652722976389587 1
367989985029902510719787059316 1181404580681709181476801393161 454128235388635789681304506475 -141454202290200618134091298659 1
912543129189543421048075101444 1034731329234289767110577820054 182957360207358079224381246560 -161352495353001683241301583197 2
319722710132650472631518361771 780023777429621826340011770466 -9813126899579399555675020291 4022287035336202456749720827 21
1146230040557822587350850993424 233167628353411654241440451107 19365291791162679002752522321 -95197945580826524269810805029 1
771719134122756032992899804994 290992329392305838592829674755 4690505876647324832806136571 -12439342099784168893118955059 29
