77432048302728389414983712735 851675507055846362922789979895 0
819180420886984523984597047766 301737320209490957289744065378 0
873142341637627191308026497425 935464249774367335572711468938 559694386630631643371595215835
1048392905920867078047389410466 571079479670420928642947211720 0
25568670031434427546664949247 1180402718427566801671345837761 793126504720200775223206010998
816461747756958141444547448896 972867022818316522573772672467 325214446287803787459802173020
488278571876452850146932421158 517208321558994572569985367474 0
223744415608552765352111170288 1114863294754200100093655240520 0
1036768183485579072272171945866 876967398743539653520481066942 0
485947101177956560246923039145 160047581581008109714336567926 129906109233139733901616341373
73381089149289972277689862718 355138503516282627024963074891 66764924843954202023153432743
621183104754477773365245691715 1219792786761160421407451659202 695883502110623411502791153133
64343749440987734501563219153 905807311516507705491258133948 719657263868879040381932041081
329086368809260041022690187926 133385315334073600925635659542 0
813423384308234343530922640886 1105731034932134965967215003566 0
291172883714199253593782425211 198914908035579138185744437558 45593090043038849449505864403
380891485654126176918572611456 368630095603106883033094159028 0
991617241227512401763523073014 853272974312353450609165380159 0
513168215790189103234013666448 113610812018306056216436653073 75886953150750747866493339694
460722469166964955890711859853 34593106025156404966843964595 19672965011370861312514566602
