1067845644649718743332772268715 0
36705791684073426260453033570 0
182117159065921098647864643383 0
1049578004935263498643733709356 0
924378818018490929957964504434 0
1009220436705747626175506158841 0
996154647679375347201497711256 0
578785360946565572933188908748 0
219208976434886786588735993419 1
439362287067963605527811643337 0
921665761459138095110961295669 0
942662176387421690128537184977 0
570773036314494958515948643551 0
985783361806263042703502737476 0
627202920150216149703404474404 0
38664760025466497310446508641 0
280029123616447204947538790972 0
503070558682283770810865771912 0
967946206094614410758042555428 0
981797061288025240751488796778 0
696068596238208926722796423131 1
873512918689683253186621049177 1
755998028379530593720487676437 1
759284330250202365316598845481 1
1248797230836523385919743614249 1
1266806991231429758108406057253 1
109982770689910827784171697281 1
804117600065082046593058214521 1
392695553730864848776143869711 1
536021217961597899299096558899 1
940765211183322889298958239269 1
1258549049139450288152093314819 1
604125241780516298882085862559 1
412693937250380542691488316011 1
440058437161887390064241486987 1
1188158047983982094087486900171 1
67303384923047579083161462979 1
183498105544237910130311784167 1
488281405930552748525604287099 1
902870964327430989054989392189 1
